48 50 51 53 55 56 59 58
2 3 4 5 8 7 9
16 19 22 21 25
19 21 23 27 26
78 80 82 83 84 85 90 87
69 67 70 72 73 74 76
27 31 28 31 32
69 76 77 80 83
11 16 14 17 19 21
39 37 35 32 34
86 87 86 84 81
59 62 61 62 64
96 91 90 88 86 85 82
80 81 84 86 89 91 88
1 4 5 8 5 9
29 31 34 35 41 38
31 29 31 34 35 38 41 42
22 27 28 30 32
57 55 54 51 49 48 46 47
46 45 43 40 42 39 36
55 54 53 56 51
77 76 74 72 70 69 65 66
45 46 44 41 40 39 36
53 47 44 43 40 39
43 38 36 35 33 30 28
70 68 72 74 75 78
99 98 95 93 94
7 8 11 10 13
29 26 27 29 31 34
57 62 63 66 68 70 71
23 26 27 29 31 34 32
9 11 12 16 13
80 79 78 80 77
87 84 83 80 77 76
